# 1: Time step number
# 2: Time (years)
# 3: Time step size (years)
# 4: Number of mesh cells
# 5: Number of Stokes degrees of freedom
# 6: Number of temperature degrees of freedom
# 7: Iterations for temperature solver
# 8: Iterations for Stokes solver
# 9: Velocity iterations in Stokes preconditioner
# 10: Schur complement iterations in Stokes preconditioner
# 11: Visualization file name
# 12: RMS velocity (m/year)
# 13: Max. velocity (m/year)
# 14: Minimum topography (m)
# 15: Maximum topography (m)
  0 0.000000000000e+00 0.000000000000e+00 10240 93283 41409 17 27 29 241 output-free_surface_no blob/solution/solution-00000 7.53966539e-07 7.39575189e-06  0.00000000e+00 0.00000000e+00 
  1 1.000000000000e+03 1.000000000000e+03 10240 93283 41409 15 21 23 196                                                  "" 7.65554000e-07 7.51900923e-06 -4.21132427e-08 1.16386218e-07 
  2 2.300000000000e+03 1.300000000000e+03 10240 93283 41409 13 11 13 107                                                  "" 7.80306902e-07 7.67631679e-06 -2.68834992e-06 1.89649290e-06 
  3 3.990000000000e+03 1.690000000000e+03 10240 93283 41409 13 12 14 116                                                  "" 7.98815342e-07 7.87465067e-06 -9.28196823e-06 6.29902934e-06 
  4 6.187000000000e+03 2.197000000000e+03 10240 93283 41409 13 13 15 127                                                  "" 8.21715171e-07 8.12192719e-06 -2.08330748e-05 1.36160525e-05 
  5 9.043100000000e+03 2.856100000000e+03 10240 93283 41409 13 13 15 126                                                  "" 8.49594885e-07 8.42638302e-06 -3.85733147e-05 2.42394453e-05 
  6 1.275603000000e+04 3.712930000000e+03 10240 93283 41409 13 14 16 134                                                  "" 8.82855220e-07 8.94517333e-06 -6.40683575e-05 3.87455220e-05 
  7 1.758283900000e+04 4.826809000000e+03 10240 93283 41409 12 15 17 144                                                  "" 9.21508954e-07 9.64451234e-06 -9.97232855e-05 5.81812928e-05 
  8 2.385769070000e+04 6.274851700000e+03 10240 93283 41409 12 16 18 153                                                  "" 9.64933028e-07 1.10070908e-05 -1.49082072e-04 8.44157767e-05 
  9 3.201499791000e+04 8.157307210000e+03 10240 93283 41409 12 18 20 171                                                  "" 1.01164173e-06 1.27706759e-05 -2.17846595e-04 1.20248471e-04 
 10 4.261949728300e+04 1.060449937300e+04 10240 93283 41409 12 20 22 189                                                  "" 1.05926725e-06 1.50319594e-05 -3.14266712e-04 1.69867155e-04 
 11 5.640534646790e+04 1.378584918490e+04 10240 93283 41409 11 22 24 208                                                  "" 1.10515335e-06 1.79298730e-05 -4.50222986e-04 2.39673653e-04 
 12 7.432695040827e+04 1.792160394037e+04 10240 93283 41409 11 23 25 217                                                  "" 1.14834313e-06 2.16438418e-05 -6.43125706e-04 3.39836464e-04 
 13 9.762503553075e+04 2.329808512248e+04 10240 93283 41409 10 25 27 233                                                  "" 1.19425221e-06 2.64053703e-05 -9.20652266e-04 4.82994743e-04 
 14 1.279125461900e+05 3.028751065923e+04 10240 93283 41409  9 27 29 252                                                  "" 1.26336879e-06 3.25100157e-05 -1.32170683e-03 6.91609195e-04 
 15 1.672863100470e+05 3.937376385699e+04 10240 93283 41409  9 28 30 258                                                  "" 1.40223449e-06 4.03264220e-05 -1.90490318e-03 9.97635245e-04 
 16 2.184722030611e+05 5.118589301409e+04 10240 93283 41409  9 30 32 276                                                  "" 1.68593889e-06 5.02982671e-05 -2.76026735e-03 1.44670089e-03 
 17 2.850138639794e+05 6.654166091832e+04 10240 93283 41409  8 31 33 286                                                  "" 2.20286009e-06 6.29360811e-05 -4.01778816e-03 2.11053705e-03 
 18 3.715180231732e+05 8.650415919381e+04 10240 93283 41409  9 32 34 294                                                  "" 3.04439479e-06 7.88000831e-05 -5.87468129e-03 3.09084804e-03 
 19 4.839734301251e+05 1.124554069520e+05 10240 93283 41409  9 34 36 312                                                  "" 4.32435192e-06 9.87430000e-05 -8.62028374e-03 4.54010643e-03 
 20 6.301654591627e+05 1.461920290375e+05 10240 93283 41409 10 35 37 324                                                  "" 6.21255838e-06 1.26455478e-04 -1.26808026e-02 6.68281881e-03 
 21 8.202150969115e+05 1.900496377488e+05 10240 93283 41409 12 37 39 341                                                  "" 8.96804720e-06 1.63880162e-04 -1.86864019e-02 9.84528739e-03 
 22 1.067279625985e+06 2.470645290735e+05 10240 93283 41409 13 38 40 352 output-free_surface_no blob/solution/solution-00001 1.29783119e-05 2.13953467e-04 -2.75629020e-02 1.45055993e-02 
 23 1.388463513780e+06 3.211838877955e+05 10240 93283 41409 14 40 42 370                                                  "" 1.88187270e-05 2.81641489e-04 -4.06766652e-02 2.13547632e-02 
 24 1.806002567915e+06 4.175390541341e+05 10240 93283 41409 16 41 43 380                                                  "" 2.73500707e-05 3.67894032e-04 -6.00433738e-02 3.13850606e-02 
 25 2.348803338289e+06 5.428007703744e+05 10240 93283 41409 18 42 44 387 output-free_surface_no blob/solution/solution-00002 3.98852146e-05 4.84347394e-04 -8.86529272e-02 4.59996238e-02 
 26 3.054444339776e+06 7.056410014867e+05 10240 93283 41409 20 43 45 395 output-free_surface_no blob/solution/solution-00003 5.84913314e-05 6.42246936e-04 -1.30967055e-01 6.71234625e-02 
 27 3.971777641708e+06 9.173333019327e+05 10240 93283 41409 22 31 33 288                                                  "" 8.65819506e-05 8.57862608e-04 -1.93720140e-01 9.72450935e-02 
 28 5.164310934221e+06 1.192533292512e+06 10240 93283 41409 25 46 48 422 output-free_surface_no blob/solution/solution-00004 1.30188361e-04 1.16213743e-03 -2.87125860e-01 1.39042574e-01 
 29 6.505502083867e+06 1.341191149646e+06 10240 93283 41409 27 46 48 424 output-free_surface_no blob/solution/solution-00005 1.90637543e-04 1.54647139e-03 -4.07594876e-01 1.85913413e-01 
 30 7.514120973776e+06 1.008618889908e+06 10240 93283 41409 24 45 47 414 output-free_surface_no blob/solution/solution-00006 2.46822196e-04 1.91152497e-03 -5.19473301e-01 2.21853143e-01 
 31 8.330563063385e+06 8.164420896089e+05 10240 93283 41409 22 44 46 406 output-free_surface_no blob/solution/solution-00007 3.01426993e-04 2.28464556e-03 -6.44499587e-01 2.58429755e-01 
 32 9.013900996805e+06 6.833379334201e+05 10240 93283 41409 20 43 45 396 output-free_surface_no blob/solution/solution-00008 3.55301182e-04 2.65114935e-03 -7.22295754e-01 2.78415637e-01 
 33 9.602822747922e+06 5.889217511171e+05 10240 93283 41409 19 42 44 387                                                  "" 4.09369996e-04 3.01527305e-03 -7.96981677e-01 3.01916784e-01 
 34 1.012067414991e+07 5.178514019929e+05 10240 93283 41409 17 42 44 385 output-free_surface_no blob/solution/solution-00009 4.64324628e-04 3.38068537e-03 -8.41207300e-01 3.21017449e-01 
 35 1.058284175366e+07 4.621676037475e+05 10240 93283 41409 17 41 43 374                                                  "" 5.20749392e-04 3.74905862e-03 -8.75514840e-01 3.46122406e-01 
 36 1.099940173979e+07 4.165599861297e+05 10240 93283 41409 16 41 43 371                                                  "" 5.79086651e-04 4.11831594e-03 -8.84730652e-01 3.73904279e-01 
 37 1.137859494147e+07 3.791932016794e+05 10240 93283 41409 15 40 42 361 output-free_surface_no blob/solution/solution-00010 6.39879896e-04 4.48928636e-03 -8.79901845e-01 4.10432997e-01 
 38 1.172663104011e+07 3.480360986381e+05 10240 93283 41409 15 40 42 359                                                  "" 7.03674377e-04 4.86518427e-03 -8.51465541e-01 4.54956106e-01 
 39 1.204759932753e+07 3.209682874256e+05 10240 93283 41409 14 40 42 357 output-free_surface_no blob/solution/solution-00011 7.70865394e-04 5.24060133e-03 -8.05768833e-01 5.11096740e-01 
 40 1.234560778825e+07 2.980084607118e+05 10240 93283 41409 14 39 41 347                                                  "" 8.42038014e-04 5.62206508e-03 -7.36100033e-01 5.79122533e-01 
 41 1.262339743122e+07 2.777896429695e+05 10240 93283 41409 13 39 41 348                                                  "" 9.17644921e-04 6.00439468e-03 -6.46264257e-01 6.62643306e-01 
 42 1.288357815242e+07 2.601807212028e+05 10240 93283 41409 13 39 41 349                                                  "" 9.98245083e-04 6.38782270e-03 -7.49130176e-01 7.61996739e-01 
 43 1.312811235384e+07 2.445342014257e+05 10240 93283 41409 13 39 41 350 output-free_surface_no blob/solution/solution-00012 1.08434433e-03 6.77016554e-03 -9.55793395e-01 8.79203775e-01 
 44 1.335880386925e+07 2.306915154042e+05 10240 93283 41409 12 39 41 350                                                  "" 1.17651415e-03 7.15685011e-03 -1.18661950e+00 1.01781143e+00 
 45 1.357703211048e+07 2.182282412321e+05 10240 93283 41409 12 38 40 341                                                  "" 1.27527612e-03 7.54111245e-03 -1.44110127e+00 1.17815147e+00 
 46 1.378424069115e+07 2.072085806702e+05 10240 93283 41409 12 38 40 343                                                  "" 1.38129185e-03 7.92457755e-03 -1.72252925e+00 1.36346435e+00 
 47 1.398129814360e+07 1.970574524531e+05 10240 93283 41409 11 38 40 341                                                  "" 1.49504111e-03 8.30670606e-03 -2.03049429e+00 1.57511663e+00 
 48 1.416940874375e+07 1.881106001455e+05 10240 93283 41409 11 38 40 342 output-free_surface_no blob/solution/solution-00013 1.61728342e-03 8.68462102e-03 -2.36917083e+00 1.81726755e+00 
 49 1.434925312226e+07 1.798443785079e+05 10240 93283 41409 11 38 40 342                                                  "" 1.74856703e-03 9.05991987e-03 -2.73781102e+00 2.09095840e+00 
 50 1.452164846777e+07 1.723953455141e+05 10240 93283 41409 11 38 40 344                                                  "" 1.88961016e-03 9.42492880e-03 -3.14153877e+00 2.40137043e+00 
 51 1.468741870095e+07 1.657702331776e+05 10240 93283 41409 11 38 40 344                                                  "" 2.04127632e-03 9.78961762e-03 -3.58031519e+00 2.75016586e+00 
 52 1.484699804690e+07 1.595793459486e+05 10240 93283 41409 10 38 40 344                                                  "" 2.20418538e-03 1.01405221e-02 -4.05869086e+00 3.14249240e+00 
 53 1.500100877669e+07 1.540107297921e+05 10240 93283 41409 10 37 39 333 output-free_surface_no blob/solution/solution-00014 2.37922473e-03 1.04824060e-02 -4.57877007e+00 3.58199092e+00 
 54 1.515005876436e+07 1.490499876692e+05 10240 93283 41409 10 37 39 334                                                  "" 2.56741509e-03 1.08067068e-02 -5.14460933e+00 4.07398287e+00 
 55 1.529466889553e+07 1.446101311666e+05 10240 93283 41409 10 37 39 336                                                  "" 2.76983500e-03 1.11187438e-02 -5.75989073e+00 4.62394676e+00 
 56 1.543514706061e+07 1.404781650851e+05 10240 93283 41409 11 37 39 336                                                  "" 2.98739077e-03 1.14145307e-02 -6.42891267e+00 5.23815768e+00 
 57 1.557198569491e+07 1.368386343034e+05 10240 93283 41409 11 37 39 336                                                  "" 3.22138752e-03 1.16864172e-02 -7.15722311e+00 5.92520129e+00 
 58 1.570564146091e+07 1.336557659990e+05 10240 93283 41409 11 37 39 336                                                  "" 3.47327984e-03 1.23904010e-02 -7.94943104e+00 6.69212849e+00 
 59 1.583173516438e+07 1.260937034700e+05 10240 93283 41409 11 37 39 335                                                  "" 3.73431584e-03 1.32827000e-02 -8.78156832e+00 7.51804130e+00 
 60 1.594938042991e+07 1.176452655244e+05 10240 93283 41409 11 37 39 338                                                  "" 4.00028614e-03 1.41728436e-02 -9.66972013e+00 8.42043725e+00 
 61 1.605967915009e+07 1.102987201790e+05 10240 93283 41409 11 36 38 327 output-free_surface_no blob/solution/solution-00015 4.27113018e-03 1.50631914e-02 -1.05739401e+01 9.36132782e+00 
 62 1.616342246954e+07 1.037433194578e+05 10240 93283 41409 11 36 38 328                                                  "" 4.54636541e-03 1.59510638e-02 -1.15113537e+01 1.03576015e+01 
 63 1.626139408682e+07 9.797161727571e+04 10240 93283 41409 11 36 38 326                                                  "" 4.82591457e-03 1.68291883e-02 -1.24680188e+01 1.13966787e+01 
 64 1.635425365667e+07 9.285956984758e+04 10240 93283 41409 11 35 37 320                                                  "" 5.10965874e-03 1.77067797e-02 -1.34536000e+01 1.24885357e+01 
 65 1.644251190684e+07 8.825825017061e+04 10240 93283 41409 12 35 37 320                                                  "" 5.39737369e-03 1.85745197e-02 -1.44594369e+01 1.36255576e+01 
 66 1.652662248095e+07 8.411057411439e+04 10240 93283 41409 12 35 37 321                                                  "" 5.68884791e-03 1.94322897e-02 -1.54918256e+01 1.48146287e+01 
 67 1.660701410059e+07 8.039161963598e+04 10240 93283 41409 12 35 37 321                                                  "" 5.98405195e-03 2.02830458e-02 -1.65449360e+01 1.60509402e+01 
 68 1.668405859787e+07 7.704449727775e+04 10240 93283 41409 12 35 37 321                                                  "" 6.28293918e-03 2.11288354e-02 -1.76228037e+01 1.73399020e+01 
 69 1.675802564619e+07 7.396704832065e+04 10240 93283 41409 12 35 37 320                                                  "" 6.58527194e-03 2.19605574e-02 -1.87212610e+01 1.86770413e+01 
 70 1.682920393842e+07 7.117829223360e+04 10240 93283 41409 12 34 36 309                                                  "" 6.89100720e-03 2.27735816e-02 -1.98436202e+01 2.00638905e+01 
 71 1.689785464841e+07 6.865070999261e+04 10240 93283 41409 12 34 36 308                                                  "" 7.20017035e-03 2.35769912e-02 -2.09864315e+01 2.14923672e+01 
 72 1.696416186935e+07 6.630722093352e+04 10240 93283 41409 12 34 36 309                                                  "" 7.51254555e-03 2.43729302e-02 -2.21516525e+01 2.29649860e+01 
 73 1.702827133181e+07 6.410946246114e+04 10240 93283 41409 12 34 36 307 output-free_surface_no blob/solution/solution-00016 7.82783666e-03 2.51634075e-02 -2.33367798e+01 2.44795578e+01 
 74 1.709037654981e+07 6.210521800680e+04 10240 93283 41409 12 34 36 306                                                  "" 8.14605164e-03 2.59341707e-02 -2.45432856e+01 2.60381625e+01 
 75 1.715062524701e+07 6.024869719172e+04 10240 93283 41409 13 34 36 307                                                  "" 8.46708842e-03 2.66907336e-02 -2.57684737e+01 2.76381593e+01 
 76 1.720916616333e+07 5.854091632486e+04 10240 93283 41409 13 33 35 299                                                  "" 8.79090629e-03 2.74214482e-02 -2.70145539e+01 2.92825978e+01 
 77 1.726614710718e+07 5.698094384644e+04 10240 93283 41409 13 33 35 296                                                  "" 9.11756915e-03 2.81562795e-02 -2.82796005e+01 3.09697584e+01 
 78 1.732168361619e+07 5.553650900879e+04 10240 93283 41409 13 33 35 296                                                  "" 9.44701641e-03 2.88778491e-02 -2.95649137e+01 3.27015092e+01 
 79 1.737580880067e+07 5.412518448338e+04 10240 93283 41409 13 33 35 296                                                  "" 9.77875448e-03 2.95771723e-02 -3.08678760e+01 3.44750149e+01 
 80 1.742864210704e+07 5.283330637352e+04 10240 93283 41409 13 33 35 296                                                  "" 1.01128123e-02 3.02632229e-02 -3.21909545e+01 3.62937157e+01 
 81 1.748027631086e+07 5.163420381984e+04 10240 93283 41409 13 33 35 296                                                  "" 1.04491616e-02 3.09365359e-02 -3.35302338e+01 3.81529308e+01 
 82 1.753080561304e+07 5.052930217651e+04 10240 93283 41409 13 33 35 296                                                  "" 1.07877819e-02 3.15783697e-02 -3.48893176e+01 4.00574582e+01 
 83 1.758031427886e+07 4.950866581742e+04 10240 93283 41409 14 33 35 295                                                  "" 1.11286792e-02 3.22260356e-02 -3.62653676e+01 4.20041116e+01 
 84 1.762879787306e+07 4.848359420141e+04 10240 93283 41409 14 32 34 286                                                  "" 1.14712411e-02 3.28634597e-02 -3.76585949e+01 4.39928331e+01 
 85 1.767634557749e+07 4.754770443023e+04 10240 93283 41409 14 32 34 285                                                  "" 1.18155124e-02 3.34669895e-02 -3.90697477e+01 4.60252285e+01 
 86 1.772303936821e+07 4.669379072064e+04 10240 93283 41409 14 32 34 285                                                  "" 1.21615719e-02 3.40543226e-02 -4.04965343e+01 4.80979270e+01 
 87 1.776893771504e+07 4.589834683365e+04 10240 93283 41409 14 32 34 285                                                  "" 1.25093193e-02 3.46548298e-02 -4.19412265e+01 5.02141345e+01 
 88 1.781404485861e+07 4.510714356632e+04 10240 93283 41409 14 32 34 285                                                  "" 1.28582897e-02 3.52236200e-02 -4.34009027e+01 5.23697520e+01 
 89 1.785839954571e+07 4.435468710076e+04 10240 93283 41409 14 32 34 284                                                  "" 1.32082392e-02 3.57822621e-02 -4.48775778e+01 5.45673049e+01 
 90 1.790207260393e+07 4.367305822200e+04 10240 93283 41409 14 32 34 284                                                  "" 1.35592451e-02 3.63177097e-02 -4.63688791e+01 5.68035174e+01 
 91 1.794512544424e+07 4.305284030347e+04 10240 93283 41409 14 32 34 284                                                  "" 1.39113087e-02 3.68326894e-02 -4.78766805e+01 5.90804590e+01 
 92 1.798755176940e+07 4.242632516730e+04 10240 93283 41409 14 32 34 283                                                  "" 1.42639163e-02 3.73665762e-02 -4.93984181e+01 6.13943261e+01 
 93 1.802936756123e+07 4.181579182946e+04 10240 93283 41409 14 32 34 282 output-free_surface_no blob/solution/solution-00017 1.46166838e-02 3.78642188e-02 -5.09358880e+01 6.37469851e+01 
 94 1.807063474405e+07 4.126718281332e+04 10240 93283 41409 14 32 34 283                                                  "" 1.49696720e-02 3.83349094e-02 -5.24869979e+01 6.61352583e+01 
 95 1.811140581571e+07 4.077107166046e+04 10240 93283 41409 14 32 34 283                                                  "" 1.53228621e-02 3.88291656e-02 -5.40530103e+01 6.85599863e+01 
 96 1.815166443281e+07 4.025861710333e+04 10240 93283 41409 14 32 34 280                                                  "" 1.56756637e-02 3.92924724e-02 -5.56317172e+01 7.10174176e+01 
 97 1.819142516584e+07 3.976073303452e+04 10240 93283 41409 14 32 34 280                                                  "" 1.60277024e-02 3.97479547e-02 -5.72248624e+01 7.35091008e+01 
 98 1.823074314955e+07 3.931798371034e+04 10240 93283 41409 14 32 34 279                                                  "" 1.63790256e-02 4.01841477e-02 -5.88302557e+01 7.60312296e+01 
 99 1.826965232259e+07 3.890917303245e+04 10240 93283 41409 14 32 34 279                                                  "" 1.67294810e-02 4.06035907e-02 -6.04489228e+01 7.85838932e+01 
100 1.830813411947e+07 3.848179688070e+04 10240 93283 41409 14 32 34 279                                                  "" 1.70784591e-02 4.10406269e-02 -6.20789413e+01 8.11633141e+01 
101 1.834620876217e+07 3.807464270019e+04 10240 93283 41409 14 32 34 279                                                  "" 1.74256595e-02 4.14468884e-02 -6.37217968e+01 8.37702976e+01 
102 1.838390761150e+07 3.769884932931e+04 10240 93283 41409 14 32 34 278                                                  "" 1.77709510e-02 4.18272555e-02 -6.53746897e+01 8.63995019e+01 
103 1.842126971662e+07 3.736210512035e+04 10240 93283 41409 14 32 34 278                                                  "" 1.81142299e-02 4.22393019e-02 -6.70399909e+01 8.90526984e+01 
104 1.845828123959e+07 3.701152297410e+04 10240 93283 41409 14 32 34 276                                                  "" 1.84549675e-02 4.26239326e-02 -6.87142176e+01 9.17232662e+01 
105 1.849493903254e+07 3.665779295193e+04 10240 93283 41409 14 32 34 278                                                  "" 1.87926609e-02 4.29980204e-02 -7.03994987e+01 9.44122789e+01 
106 1.853127611394e+07 3.633708139242e+04 10240 93283 41409 14 32 34 277                                                  "" 1.91272138e-02 4.33649591e-02 -7.20931236e+01 9.71142602e+01 
107 1.856732033819e+07 3.604422425020e+04 10240 93283 41409 14 32 34 276                                                  "" 1.94584616e-02 4.37100948e-02 -7.37961227e+01 9.98282045e+01 
108 1.860309102372e+07 3.577068553060e+04 10240 93283 41409 14 31 33 267                                                  "" 1.97861774e-02 4.40612855e-02 -7.55079243e+01 1.02551516e+02 
109 1.863855269257e+07 3.546166884983e+04 10240 93283 41409 14 31 33 265                                                  "" 2.01096495e-02 4.44178370e-02 -7.72263732e+01 1.05278157e+02 
110 1.867373000206e+07 3.517730949464e+04 10240 93283 41409 14 31 33 265                                                  "" 2.04286681e-02 4.47533495e-02 -7.89534680e+01 1.08008998e+02 
111 1.870864420439e+07 3.491420233134e+04 10240 93283 41409 14 31 33 264                                                  "" 2.07431043e-02 4.50687485e-02 -8.06850560e+01 1.10735098e+02 
112 1.874331346087e+07 3.466925648176e+04 10240 93283 41409 14 31 33 264                                                  "" 2.10527133e-02 4.53795938e-02 -8.24243238e+01 1.13458232e+02 
113 1.877775353658e+07 3.444007570180e+04 10240 93283 41409 14 31 33 264                                                  "" 2.13573077e-02 4.57054586e-02 -8.41686146e+01 1.16171941e+02 
114 1.881195786166e+07 3.420432507954e+04 10240 93283 41409 14 31 33 264                                                  "" 2.16564714e-02 4.60137635e-02 -8.59185041e+01 1.18873468e+02 
115 1.884592510885e+07 3.396724719219e+04 10240 93283 41409 14 31 33 263                                                  "" 2.19498658e-02 4.63075693e-02 -8.76724894e+01 1.21557754e+02 
116 1.887966985905e+07 3.374475020487e+04 10240 93283 41409 15 31 33 263                                                  "" 2.22373004e-02 4.65857725e-02 -8.94303483e+01 1.24220781e+02 
117 1.891320504603e+07 3.353518698164e+04 10240 93283 41409 15 31 33 264                                                  "" 2.25185969e-02 4.68681536e-02 -9.11910335e+01 1.26857632e+02 
118 1.894654377187e+07 3.333872583265e+04 10240 93283 41409 15 31 33 263                                                  "" 2.27935720e-02 4.71355716e-02 -9.29548822e+01 1.29464982e+02 
119 1.897969808567e+07 3.315431380681e+04 10240 93283 41409 15 31 33 263                                                  "" 2.30620593e-02 4.73877703e-02 -9.47211071e+01 1.32037924e+02 
120 1.901267921949e+07 3.298113381389e+04 10240 93283 41409 15 31 33 263 output-free_surface_no blob/solution/solution-00018 2.33238872e-02 4.76290974e-02 -9.64897744e+01 1.34572425e+02 
121 1.904549785913e+07 3.281863964151e+04 10240 93283 41409 15 31 33 263                                                  "" 2.35788994e-02 4.78572018e-02 -9.82602879e+01 1.37063501e+02 
122 1.907816179651e+07 3.266393738017e+04 10240 93283 41409 15 31 33 263                                                  "" 2.38269259e-02 4.80720690e-02 -1.00032385e+02 1.39506355e+02 
123 1.911066616628e+07 3.250436976590e+04 10240 93283 41409 15 31 33 263                                                  "" 2.40677250e-02 4.82887872e-02 -1.01804905e+02 1.41894927e+02 
124 1.914302357451e+07 3.235740823488e+04 10240 93283 41409 15 31 33 265                                                  "" 2.43011812e-02 4.84918156e-02 -1.03578289e+02 1.44225171e+02 
125 1.917524644205e+07 3.222286754097e+04 10240 93283 41409 15 31 33 265                                                  "" 2.45272252e-02 4.86789718e-02 -1.05351042e+02 1.46490997e+02 
126 1.920734694006e+07 3.210049800446e+04 10240 93283 41409 15 31 33 265                                                  "" 2.47457632e-02 4.88537050e-02 -1.07124030e+02 1.48723563e+02 
127 1.923933018473e+07 3.198324467463e+04 10240 93283 41409 15 31 33 264                                                  "" 2.49566928e-02 4.90143715e-02 -1.08895975e+02 1.50938990e+02 
128 1.927120810454e+07 3.187791980581e+04 10240 93283 41409 15 31 33 262                                                  "" 2.51599418e-02 4.91585850e-02 -1.10667656e+02 1.53145351e+02 
129 1.930299299014e+07 3.178488559923e+04 10240 93283 41409 15 31 33 260                                                  "" 2.53554797e-02 4.92901795e-02 -1.12437980e+02 1.55342397e+02 
130 1.933469301668e+07 3.170002654582e+04 10240 93283 41409 15 31 33 260                                                  "" 2.55432396e-02 4.94099295e-02 -1.14207395e+02 1.57522194e+02 
131 1.936631558150e+07 3.162256482079e+04 10240 93283 41409 15 31 33 260                                                  "" 2.57231745e-02 4.95119180e-02 -1.15975251e+02 1.59707145e+02 
132 1.939787363993e+07 3.155805843248e+04 10240 93283 41409 15 31 33 260                                                  "" 2.58952705e-02 4.96013562e-02 -1.17741845e+02 1.61895248e+02 
133 1.942937479471e+07 3.150115477258e+04 10240 93283 41409 15 31 33 258                                                  "" 2.60595091e-02 4.96782984e-02 -1.19506444e+02 1.64059541e+02 
134 1.946082682999e+07 3.145203528359e+04 10240 93283 41409 15 31 33 259                                                  "" 2.62158665e-02 4.97372032e-02 -1.21269444e+02 1.66267223e+02 
135 1.949224400360e+07 3.141717360485e+04 10240 93283 41409 15 31 33 256                                                  "" 2.63643734e-02 4.97857679e-02 -1.23030524e+02 1.68436520e+02 
136 1.952362847479e+07 3.138447119498e+04 10240 93283 41409 15 31 33 257                                                  "" 2.65050160e-02 4.98180509e-02 -1.24789213e+02 1.70664451e+02 
137 1.955499418651e+07 3.136571172256e+04 10240 93283 41409 15 31 33 258                                                  "" 2.66378239e-02 4.98360042e-02 -1.26546288e+02 1.72867131e+02 
138 1.958634792571e+07 3.135373920168e+04 10240 93283 41409 15 31 33 258                                                  "" 2.67628398e-02 4.98380058e-02 -1.28300489e+02 1.75103136e+02 
139 1.961769950121e+07 3.135157549313e+04 10240 93283 41409 15 31 33 259                                                  "" 2.68800908e-02 4.98265201e-02 -1.30052976e+02 1.77369577e+02 
140 1.964905830362e+07 3.135880241344e+04 10240 93283 41409 15 31 33 258                                                  "" 2.69896449e-02 4.98039650e-02 -1.31802699e+02 1.79585908e+02 
141 1.968043215726e+07 3.137385364342e+04 10240 93283 41409 15 31 33 258                                                  "" 2.70915495e-02 4.97649037e-02 -1.33550370e+02 1.81948122e+02 
142 1.971183104454e+07 3.139888727110e+04 10240 93283 41409 15 31 33 258                                                  "" 2.71858840e-02 4.97101285e-02 -1.35295541e+02 1.84252309e+02 
143 1.974326327065e+07 3.143222611032e+04 10240 93283 41409 15 31 33 258                                                  "" 2.72727238e-02 4.96444290e-02 -1.37038455e+02 1.86590237e+02 
144 1.977473709420e+07 3.147382355363e+04 10240 93283 41409 15 31 33 258                                                  "" 2.73521570e-02 4.95648617e-02 -1.38779019e+02 1.89028703e+02 
145 1.980626367478e+07 3.152658057584e+04 10240 93283 41409 14 31 33 258                                                  "" 2.74242845e-02 4.94710022e-02 -1.40517479e+02 1.91409060e+02 
146 1.983784728099e+07 3.158360621279e+04 10240 93283 41409 14 31 33 258                                                  "" 2.74892082e-02 4.93726506e-02 -1.42253473e+02 1.93870523e+02 
147 1.986950009329e+07 3.165281230384e+04 10240 93283 41409 14 31 33 258                                                  "" 2.75470404e-02 4.92592272e-02 -1.43987757e+02 1.96424150e+02 
148 1.990122801316e+07 3.172791986389e+04 10240 93283 41409 14 31 33 259                                                  "" 2.75979128e-02 4.91298038e-02 -1.45719530e+02 1.98917469e+02 
149 1.993303144606e+07 3.180343290167e+04 10240 93283 41409 14 31 33 259                                                  "" 2.76419381e-02 4.89951740e-02 -1.47449350e+02 2.01485217e+02 
150 1.996492506042e+07 3.189361436649e+04 10240 93283 41409 14 31 33 259                                                  "" 2.76792685e-02 4.88423980e-02 -1.49177291e+02 2.04189282e+02 
151 1.999691560068e+07 3.199054025913e+04 10240 93283 41409 14 31 33 259                                                  "" 2.77100623e-02 4.86845000e-02 -1.50903011e+02 2.06829443e+02 
152 2.000000000000e+07 3.084399316611e+03 10240 93283 41409 10 30 32 276 output-free_surface_no blob/solution/solution-00019 2.77610078e-02 4.87593784e-02 -1.51068723e+02 2.07076180e+02 
